1

11112222333344000000000000000000
11112222333344000000000000000000
33000000000044555566667777888899
33000000000044555566667777888899
33000000000000000000000000000099
33000000000000000000000000000099
44000000000000221111333322221111
44000000000000221111333322221111
44000077776666220000000000000000
44000077776666220000000000000000
55000088000000000000000000000000
55000088000000000000000000000000
55000088999911114444555566660000
55000088999911114444555566660000
66660000000000000000000000000000
66660000000000000000000000000000

00000000000000000000000000000000
00000000000000000000000000000000
00000000000000000000000000000000
00000000000000000000000000000000
00000000000000000000000000000000
00000000000000000000000000000000
00888899996666111122223333000000
00888899996666111122223333000000
00000000000000000000000000000000
00000000000000000000000000000000
00000000000000000000000000000000
00000000000000000000000000000000
00000000000000000000000000000000
00000000000000000000000000000000
00000000000000000000000000000000
00000000000000000000000000000000

00000000000000000000000000000000
00000000000000000000000000000000
00000000000000000000000000000000
00000000000000000000000000000000
00000000000000000000000000000000
00000000000000000000000000000000
88889999666611112222000000000000
88889999666611112222000000000000
00000000000000000000000000000000
00000000000000000000000000000000
00000000000000000000000000000000
00000000000000000000000000000000
00000000000000000000000000000000
00000000000000000000000000000000
00000000000000000000000000000000
00000000000000000000000000000000

00000000000000000000000000000000
00000000000000000000000000000000
00000000000000000000000000000000
00000000000000000000000000000000
00000000000000000000000000000000
00000000000000000000000000000000
00888899996600111122220000000000
00888899996600111122220000000000
00000000006600000000000000000000
00000000006600000000000000000000
00000000000000000000000000000000
00000000000000000000000000000000
00000000000000000000000000000000
00000000000000000000000000000000
00000000000000000000000000000000
00000000000000000000000000000000

00000000000000000000000000000000
00000000000000000000000000000000
00000000000000000000000000000000
00000000000000000000000000000000
00000000000000000000000000000000
00000000000000000000000000000000
88889999666611112222000000000000
88889999666611112222000000000000
00000000000000000000000000000000
00000000000000000000000000000000
00000000000000000000000000000000
00000000000000000000000000000000
00000000000000000000000000000000
00000000000000000000000000000000
00000000000000000000000000000000
00000000000000000000000000000000

end