1

88889999666600000000000000000000
88889999666600000000000000000000
11222233334400000000000000000000
11222233334400000000000000000000
11000000004400000000000000000000
11000000004400000000000000000000
88889999666600000000000000000000
88889999666600000000000000000000
00000000000000000000000000000000
00000000000000000000000000000000
00000000000000000000000000000000
00000000000000000000000000000000
00000000000000000000000000000000
00000000000000000000000000000000
00000000000000000000000000000000
00000000000000000000000000000000

end