9

00000000000000000000000000000000
00111122223333000000000000000000
00111122223333000000000000000000
00330000000044001111000000000000
00330000000044001111000000000000
00330000000044002222000000000000
00330000000044002222000000000000
00555566667777000000000000000000
00555566667777000000000000000000
00000000000000000000000000000000
00000000000000000000000000000000
00000000000000000000000000000000
00000000000000000000000000000000
00000000000000000000000000000000
00000000000000000000000000000000
00000000000000000000000000000000

00000000000000000000000000000000
00331111222233000000000000000000
00331111222233000000000000000000
00330000000033001122000000000000
00330000000033001122000000000000
00440000000044001122000000000000
00440000000044001122000000000000
00445555666644000000000000000000
00445555666644000000000000000000
00000000000000000000000000000000
00000000000000000000000000000000
00000000000000000000000000000000
00000000000000000000000000000000
00000000000000000000000000000000
00000000000000000000000000000000
00000000000000000000000000000000

00000000000000000000000000000000
00111122223333000000000000000000
00111122223333000000000000000000
00000000000000000110000000000000
00000000000004444110000000000000
00000000000004444110000000000000
00000000000000000110000000000000
00555566667777000000000000000000
00555566667777000000000000000000
00000000000000000000000000000000
00000000000000000000000000000000
00000000000000000000000000000000
00000000000000000000000000000000
00000000000000000000000000000000
00000000000000000000000000000000
00000000000000000000000000000000

00000000000000000000000000000000
00331111222233000000000000000000
00331111222233000000000000000000
00330000000033001111000000000000
00330000000033001111000000000000
00440000000044002222000000000000
00440000000044002222000000000000
00445555666644000000000000000000
00445555666644000000000000000000
00000000000000000000000000000000
00000000000000000000000000000000
00000000000000000000000000000000
00000000000000000000000000000000
00000000000000000000000000000000
00000000000000000000000000000000
00000000000000000000000000000000

03311112222333300000000000000000
03311112222333300000000000000000
03300000000004400000000000000000
03300000000004400000000000000000
04400000000004400000000000000000
04400000000004400000000000000000
04400000000008800000000000000000
04400000000008800000000000000000
05555666677778800000000000000000
05555666677778800000000000000000
00000000000000000000000000000000
00000000000000000000000000000000
00000000000000000000000000000000
00000000000000000000000000000000
00000000000000000000000000000000
00000000000000000000000000000000

00000000000000000000000000000000
00111122223333000000000000000000
00111122223333000000000000000000
00330000000044000000000000000000
00330000000044000000000000000000
00330000000044000000000000000000
00330000000044000000000000000000
00555566667777000000000000000000
00555566667777000000000000000000
00000000000000000000000000000000
00000000000000000000000000000000
00000000000000000000000000000000
00000000000000000000000000000000
00000000000000000000000000000000
00000000000000000000000000000000
00000000000000000000000000000000

00000000000000000000000000000000
00000000000000000000000000000000
00011112222330000000000000000000
00011112222330000000000000000000
00033000000330000000000000000000
00033000000330000000000000000000
00033444455550000000000000000000
00033444455550000000000000000000
00000000000000000000000000000000
00000000000000000000000000000000
00000000000000000000000000000000
00000000000000000000000000000000
00000000000000000000000000000000
00000000000000000000000000000000
00000000000000000000000000000000
00000000000000000000000000000000

00000000000000000000000000000000
00000000000000000000000000000000
00000000000000000000000000000000
00001100003300000000000000000000
00001100003300000000000000000000
00001100003300000000000000000000
00001100003300000000000000000000
00000000000000000000000000000000
00000000000000000000000000000000
00000000000000000000000000000000
00000000000000000000000000000000
00000000000000000000000000000000
00000000000000000000000000000000
00000000000000000000000000000000
00000000000000000000000000000000
00000000000000000000000000000000

00000000000000000000000000000000
00000000000000000000000000000000
00000000000000000000000000000000
00000000000000000000000000000000
00001111333300000000000000000000
00001111333300000000000000000000
00000000000000000000000000000000
00000000000000000000000000000000
00000000000000000000000000000000
00000000000000000000000000000000
00000000000000000000000000000000
00000000000000000000000000000000
00000000000000000000000000000000
00000000000000000000000000000000
00000000000000000000000000000000
00000000000000000000000000000000

end