7

00000000000000000000000000000000
00111122223333000000000000000000
00111122223333000000000000000000
00330000000044001111000000000000
00330000000044001111000000000000
00330000000044002222000000000000
00330000000044002222000000000000
00555566667777000000000000000000
00555566667777000000000000000000
00000000000000000000000000000000
00000000000000000000000000000000
00000000000000000000000000000000
00000000000000000000000000000000
00000000000000000000000000000000
00000000000000000000000000000000
00000000000000000000000000000000

00000000000000000000000000000000
00331111222233000000000000000000
00331111222233000000000000000000
00330000000033001122000000000000
00330000000033001122000000000000
00440000000044001122000000000000
00440000000044001122000000000000
00445555666644000000000000000000
00445555666644000000000000000000
00000000000000000000000000000000
00000000000000000000000000000000
00000000000000000000000000000000
00000000000000000000000000000000
00000000000000000000000000000000
00000000000000000000000000000000
00000000000000000000000000000000

00000000000000000000000000000000
00111122223333000000000000000000
00111122223333000000000000000000
00000000000000000110000000000000
00000000000004444110000000000000
00000000000004444110000000000000
00000000000000000110000000000000
00555566667777000000000000000000
00555566667777000000000000000000
00000000000000000000000000000000
00000000000000000000000000000000
00000000000000000000000000000000
00000000000000000000000000000000
00000000000000000000000000000000
00000000000000000000000000000000
00000000000000000000000000000000

00000000000000000000000000000000
00331111222233000000000000000000
00331111222233000000000000000000
00330000000033001111000000000000
00330000000033001111000000000000
00440000000044002222000000000000
00440000000044002222000000000000
00445555666644000000000000000000
00445555666644000000000000000000
00000000000000000000000000000000
00000000000000000000000000000000
00000000000000000000000000000000
00000000000000000000000000000000
00000000000000000000000000000000
00000000000000000000000000000000
00000000000000000000000000000000

00000000000000000000000000000000
00000000000000000000000000000000
00111122223333000000000000000000
00111122223333000000000000000000
00000000000004444000000000000000
00000000000004444000000000000000
00555566667777000000000000000000
00555566667777000000000000000000
00000000000000000000000000000000
00000000000000000000000000000000
00000000000000000000000000000000
00000000000000000000000000000000
00000000000000000000000000000000
00000000000000000000000000000000
00000000000000000000000000000000
00000000000000000000000000000000

00000000000000000000000000000000
00000000000000000000000000000000
00000000000000000000000000000000
00110022220033000000000000000000
00110022220033000000000000000000
00115555666633000000000000000000
00115555666633000000000000000000
00000000000000000000000000000000
00000000000000000000000000000000
00000000000000000000000000000000
00000000000000000000000000000000
00000000000000000000000000000000
00000000000000000000000000000000
00000000000000000000000000000000
00000000000000000000000000000000
00000000000000000000000000000000

00000000000000000000000000000000
00000000000000000000000000000000
00000000000000000000000000000000
00000000000000000000000000000000
00111122223333000000000000000000
00111122223333000000000000000000
00000000000000000000000000000000
00000000000000000000000000000000
00000000000000000000000000000000
00000000000000000000000000000000
00000000000000000000000000000000
00000000000000000000000000000000
00000000000000000000000000000000
00000000000000000000000000000000
00000000000000000000000000000000
00000000000000000000000000000000

end